100|101|2|16|1|3|5d606f7802|1|1516323596029
100|101|2|16|1|3|5d606f7802|1|1516323597007
100|101|2|16|1|3|5d646f7802|1|1516323598382
100|101|2|16|1|3|5d646f8802|1|1516323598936
100|101|2|16|1|3|5d686f8802|1|1516323599977
100|101|2|16|1|3|5d686f9802|1|1516323601007
100|101|2|256|1|3|00cc03|1|1516332038865
100|101|2|256|1|3|00cc03|1|1516332039945
100|101|2|256|1|3|00cc03|1|1516332040829
100|101|2|256|1|3|00cc03|1|1516332041848
100|101|2|256|1|3|00cc03|1|1516332042845
100|101|2|256|1|3|00cc03|1|1516332044160
100|101|2|256|1|3|00cc03|1|1516332045119
100|101|2|256|1|3|00cc03|1|1516332045937
100|101|2|256|1|3|00cc03|1|1516332047548
100|101|2|256|1|3|00cc03|1|1516332048400
100|101|2|256|1|3|00cc03|1|1516332049415
100|101|2|1280|1|3|030b01|1|1516529996561
100|101|2|1280|1|3|030901|1|1516529996782
100|101|2|1280|1|3|030301|1|1516529997889
100|101|2|1280|1|3|030201|1|1516529998920
100|101|2|1280|1|3|030001|1|1516529999836
100|101|2|1280|1|3|02ff01|1|1516530000860
100|101|2|1280|1|3|02fe01|1|1516530001901
100|101|2|1280|1|3|02fe01|1|1516530002908
100|101|2|1280|1|3|02fd01|1|1516530003932
100|101|2|1280|1|3|02fd01|1|1516530004957
100|101|2|1280|1|3|02fd01|1|1516530005877
100|101|2|1280|1|3|02fd01|1|1516530006902
100|101|2|1280|1|3|02fd01|1|1516530007926
100|101|2|1280|1|3|02fd01|1|1516530004957
100|101|2|1280|1|3|02fd01|1|1516530005877
100|101|2|1280|1|3|02fd01|1|1516530006902
100|101|2|1280|1|3|02fd01|1|1516530007926
100|101|2|1280|1|3|030001|1|1516529999836
100|101|2|1280|1|3|02ff01|1|1516530000860
100|101|2|1280|1|3|02fe01|1|1516530001901
100|101|2|1280|1|3|02fe01|1|1516530002908
100|101|2|1280|1|3|02fd01|1|1516530003932
100|101|2|1280|1|3|02fd01|1|1516530004957
100|101|2|1280|1|3|02fd01|1|1516530005877
100|101|2|256|1|3|003603|1|1529325886802
100|101|2|256|1|3|003503|1|1529325887667
100|101|2|256|1|3|003603|1|1529325888693
100|101|2|256|1|3|003603|1|1529325889616
100|101|2|256|1|3|003603|1|1529325890639
100|101|2|256|1|3|003603|1|1529325891670
100|101|2|256|1|3|003603|1|1529325892685
100|101|2|256|1|3|003603|1|1529325890639
100|101|2|256|1|3|003603|1|1529325891670
100|101|2|256|1|3|003603|1|1529325892685
100|101|2|1280|1|3|044601|1|1529325848417
100|101|2|1280|1|3|044601|1|1529325849444
100|101|2|256|1|3|003603|1|1529325886802
100|101|2|256|1|3|003503|1|1529325887667
100|101|2|256|1|3|003603|1|1529325888693
100|101|2|256|1|3|003603|1|1529325889616
100|101|2|256|1|3|003603|1|1529325890639
100|101|2|256|1|3|003603|1|1529325891670
100|101|2|256|1|3|003603|1|1529325892685
100|101|2|256|1|3|003603|1|1529325890639
100|101|2|256|1|3|003603|1|1529325891670
100|101|2|256|1|3|003603|1|1529325892685
100|101|2|1280|1|3|044601|1|1529325848417
100|101|2|1280|1|3|044601|1|1529325849444
100|101|2|256|1|3|003603|1|1529325886802
100|101|2|256|1|3|003503|1|1529325887667
100|101|2|256|1|3|003603|1|1529325888693
100|101|2|256|1|3|003603|1|1529325889616
100|101|2|256|1|3|003603|1|1529325890639
100|101|2|256|1|3|003603|1|1529325891670
100|101|2|256|1|3|003603|1|1529325892685
100|101|2|256|1|3|003603|1|1529325890639
100|101|2|256|1|3|003603|1|1529325891670
100|101|2|256|1|3|003603|1|1529325892685
100|101|2|1280|1|3|044601|1|1529325848417
100|101|2|1280|1|3|044601|1|1529325849444
100|101|2|1280|1|3|044601|1|1529325849444
100|101|2|1280|1|3|044601|1|1529325849444
100|101|2|1280|1|3|044601|1|1529325849444
100|101|2|1280|1|3|044601|1|1529325849444